alpha0: [ 0.03219732  0.03752331  0.01653621 ...,  0.00203685  0.00205194
  0.00202176]
alpha0: [ 0.04178862  0.04450885  0.0186152  ...,  0.00226441  0.00232322
  0.00229382]
alpha0: [ 0.03003444  0.03548302  0.0165139  ...,  0.00203481  0.00208526
  0.00205162]
alpha0: [ 0.21215259  0.19496281  0.14522951 ...,  0.01156695  0.01230136  0.011544  ]
alpha0: [ 0.14702523  0.1377638   0.11262046 ...,  0.00683754  0.00718123
  0.00683754]
alpha0: [ 0.09860762  0.11991324  0.07152759 ...,  0.00588504  0.00626115
  0.00573017]
alpha0: [ 0.05226595  0.05205633  0.06025491 ...,  0.00642843  0.0068011
  0.00621881]
alpha0: [ 0.03179312  0.03687035  0.01625922 ...,  0.00200974  0.00202485
  0.00199463]
alpha0: [ 0.03163365  0.03663945  0.01613809 ...,  0.00198738  0.00200232
  0.00197243]
alpha0: [ 0.03197869  0.03711704  0.01630671 ...,  0.00201     0.00202512
  0.00199489]
alpha0: [ 0.04120011  0.0438842   0.01837798 ...,  0.00222941  0.00228808
  0.00225875]
alpha0: [ 0.04085622  0.04371792  0.01830018 ...,  0.00223066  0.00228936
  0.00226001]
alpha0: [ 0.04124745  0.04392471  0.01835835 ...,  0.00223595  0.00229479
  0.00226537]
alpha0: [ 0.02924666  0.03455063  0.01614469 ...,  0.00194534  0.00202848
  0.00199522]
alpha0: [ 0.02962167  0.03479958  0.01635748 ...,  0.00200056  0.00205099
  0.00201737]
alpha0: [ 0.02956101  0.03489911  0.01624932 ...,  0.00199759  0.00204795
  0.00201438]
alpha0: [ 0.2115885   0.19426211  0.14462372 ...,  0.01152033  0.01225469
  0.01149738]
alpha0: [ 0.21116872  0.19406492  0.14461315 ...,  0.01152497  0.01225963
  0.01150201]
alpha0: [ 0.21143249  0.19432778  0.14452899 ...,  0.01152558  0.01226028
  0.01150263]
alpha0: [ 0.21147282  0.19411414  0.14477048 ...,  0.01152653  0.01223833
  0.01150357]
alpha0: [ 0.21104982  0.1940593   0.14460311 ...,  0.011526    0.01226073
  0.01150304]
alpha0: [ 0.14583159  0.13674187  0.11163263 ...,  0.0067678   0.00710979
  0.0067678 ]
alpha0: [ 0.14634722  0.13700938  0.11210845 ...,  0.00680432  0.00714816
  0.00680432]
alpha0: [ 0.14648785  0.13727694  0.11219576 ...,  0.00680413  0.00714796
  0.00680413]
alpha0: [ 0.14639117  0.13716027  0.11200155 ...,  0.00680552  0.00714942
  0.00680552]
alpha0: [ 0.1452487   0.1361594   0.11135733 ...,  0.00676747  0.00710945
  0.00676747]
alpha0: [ 0.09774832  0.11890942  0.07103133 ...,  0.00584365  0.00621995
  0.0056887 ]
alpha0: [ 0.0981135   0.1190715   0.07094327 ...,  0.0058364   0.00621223
  0.00568165]
alpha0: [ 0.0977278   0.11911544  0.07084933 ...,  0.00584507  0.00617718
  0.00569009]
alpha0: [ 0.09765397  0.11899849  0.07108944 ...,  0.00583933  0.00621535
  0.0056845 ]
alpha0: [ 0.09807937  0.1191027   0.07099247 ...,  0.00584227  0.00619635
  0.00568736]
alpha0: [ 0.05186679  0.05172699  0.05983554 ...,  0.00638432  0.00673383
  0.00617462]
alpha0: [ 0.05165361  0.05146747  0.05961106 ...,  0.00637527  0.00674754
  0.00616586]
alpha0: [ 0.05151813  0.05151813  0.05973588 ...,  0.00637866  0.00675113
  0.00616914]
alpha0: [ 0.05170034  0.05167704  0.05973847 ...,  0.00638391  0.00675669
  0.00617422]
alpha0: [ 0.05211669  0.05183724  0.05980145 ...,  0.0063574   0.00672999
  0.0061711 ]
