Norms: [ 122441.  110242.   50786.   46973.  115423.   53315.   47341.   47879.
   48850.   20344.   25927.   56871.    9122.   21540.  105611.   47208.
   51986.   57155.   45239.   49446.   24677.   31633.    5729.   19806.
   17473.   12806.   24623.    6848.    6726.    4390.   27533.    3047.]
length of p_expected: 32
kmer_hash_count: 32
alpha0: [ 13.82359552  12.44632776   5.73374215   5.30325424  13.03126294
   6.01926638   5.34480146   5.40554169   5.51516764   2.2968387
   2.9271597    6.42073897   1.02987429   2.43186716  11.92348761
   5.32978575   5.86922221   6.45280259   5.10748555   5.58245607
   2.78603463   3.57136741   0.64680441   2.23609847   1.97270264
   1.44579809   2.77993803   0.77313957   0.75936576   0.49563124
   3.10847719   0.34400646]
(array([ 431.20281184,  388.02620496,  178.90726997,  165.70516989,
        405.84126663,  188.06001342,  166.88743096,  168.68550644,
        172.08003164,   71.44432938,   91.34530794,  200.20039898,
         32.29590238,   75.78290788,  371.84100752,  166.56903108,
        183.30882566,  201.60555289,  159.46921957,  174.40265951,
         86.86289096,  111.42574453,   20.40024062,   69.69787354,
         61.61908201,   45.24652882,   86.74459981,   23.88913834,
         23.72475069,   15.56323354,   97.01599761,   10.87299308]), 4185069.0396018513, {'warnflag': 0, 'task': 'CONVERGENCE: REL_REDUCTION_OF_F_<=_FACTR*EPSMCH', 'grad': array([  9.64018204e-06,  -1.06087816e-06,   1.88009545e-05,
        -1.65103578e-05,   1.62735923e-05,   1.12924984e-05,
        -8.62241939e-06,   7.06286301e-07,   1.14294196e-05,
        -4.03779454e-05,   2.79942705e-05,  -1.35925519e-05,
         4.14184750e-05,  -5.52890980e-05,   2.81489667e-06,
        -1.29704709e-05,   1.66655968e-05,  -1.32906712e-05,
        -5.20185096e-05,   1.32681470e-05,  -1.20024981e-05,
        -3.32731569e-05,   2.35820437e-05,  -3.29045514e-05,
        -8.98540441e-06,   4.82916857e-06,  -1.30514530e-05,
        -2.59276960e-04,   8.15554000e-05,  -1.63594961e-05,
         6.19452368e-05,  -7.25183054e-05]), 'funcalls': 83})
