Kmer hash count: 136	 pcs shape: (132, 136)p_expected: [ 0.00757398  0.00828278  0.00807488  0.00732627  0.00742995  0.00747714
  0.00806301  0.00766686  0.00807723  0.0087937   0.00796727  0.00837305
  0.00732909  0.00755344  0.00758436  0.00811372  0.00732991  0.00780729
  0.00779062  0.00763993  0.00742513  0.0073366   0.00781845  0.00757541
  0.00904735  0.00806716  0.00745188  0.00711983  0.00961126  0.00746761
  0.00841403  0.00735573  0.00783895  0.0074658   0.00678371  0.0079457
  0.00831346  0.00707556  0.00767119  0.00749822  0.00720132  0.00740019
  0.00731657  0.00761917  0.00746294  0.00741983  0.007399    0.00714883
  0.00758381  0.00773792  0.00766471  0.00745009  0.00739113  0.00739278
  0.00871494  0.00716827  0.00711858  0.00805107  0.00817729  0.00750937
  0.00724295  0.00695355  0.00747612  0.00663002  0.00701911  0.00660254
  0.00721613  0.00705044  0.00778865  0.00763595  0.00689951  0.00753705
  0.00727614  0.00679531  0.00755706  0.00730158  0.00825934  0.00839452
  0.00763359  0.00741279  0.00722051  0.00785642  0.00769702  0.00766688
  0.00731959  0.00852006  0.00856483  0.00701152  0.00727923  0.0077193
  0.00776066  0.00760166  0.00736672  0.00717843  0.00743405  0.00770414
  0.00730996  0.00800512  0.00745188  0.00727761  0.0079639   0.00766812
  0.00675635  0.00695916  0.00770244  0.00699661  0.00753873  0.00708631
  0.00766487  0.00937397  0.00887223  0.00716038  0.00698089  0.00772163
  0.00770059  0.00739734  0.0080455   0.00758964  0.00744448  0.00786938
  0.00786327  0.00770681  0.00702323  0.00754545  0.00740803  0.00794525
  0.00740031  0.0079392   0.00782857  0.00710308  0.00702827  0.00362269]
alpha0: [ 24.58570442  20.15133737   9.78064023   8.22963351  21.96442131
   8.87792979   9.52469347   7.33969486   9.11088733   9.10731122
   3.40955826   4.51712828  11.17889629   8.25415535   1.5223979
   3.24199232  20.19833757  10.53468698   8.85545144   9.10833297
  19.96282568   9.59979162   6.8032795    8.40486253   9.64117223
   4.30460562   5.08623944  10.77428584   8.93106046   1.15559197
   3.52450441  10.01615212   3.31249262   2.40160824  10.31807734
   4.37817116   2.20645522   4.02669137   4.04201752   1.27513596
   1.25112499   6.78999683   2.37044506   0.80411218   1.17807032
  10.64043744   4.46450849   4.50537823   8.67817893   4.26986634
   3.10099171   1.29505996   1.03451535   0.59771998   0.96810202
   5.20118559   0.58801342   1.37424509  19.41261677   6.84414924
   7.93077351   9.76224885   8.75072272   8.99236507   7.86895803
   3.5229718    4.24687711  10.43915395   1.69098559   4.31022521
   8.56783062   7.69270726   9.1910942    9.85011879   8.89887554
   8.80947298   4.12784398   5.81934045   8.55863493   0.99875433
   3.73753794   3.31504698   2.81030566   4.7991295    2.83636012
   4.40882346   1.63632231   1.56173503   3.45860195   1.05750458
   1.66493113   4.32044264   3.92502789   4.62645484   3.0539915
   0.42095835   0.44599106   0.61304614   0.64727455   1.23579884
   4.8354014    2.77250115   5.07806549   1.52188703   1.40949524
   1.56377852   0.67281813   1.02787402   4.58047638   1.97298681
   5.26402282   2.08946558   2.2611185    0.48021947   1.051885
   2.00568261   2.62588095   0.56706768   0.5231327    0.36833855
   0.24726194   3.19499211   3.1173396    0.41482789   0.25799025
   0.30141435   4.68316161   2.07618291   2.25294455   0.97627597
   1.62712662   2.28564034   0.49401301   0.22222922   0.14100061
   0.18391384]
(array([ 54.23196472,  48.52095492,  31.3710097 ,  27.7717045 ,
        50.65703203,  29.33178412,  31.00753419,  25.39252887,
        29.80944488,  29.85601455,  10.81082253,  15.71417931,
        34.44126617,  27.89306381,   4.73351058,  10.09199749,
        48.3907316 ,  32.71052127,  29.40931983,  29.98187304,
        47.96107381,  31.16103656,  23.90752776,  28.18177534,
        31.15076549,  14.79334705,  18.05673271,  33.6131489 ,
        29.49840795,   3.82825334,  11.36225629,  31.90680886,
        10.40383132,   6.81105222,  32.59086018,  15.02285228,
         6.23649851,  13.55488189,  13.57548316,   4.09311508,
         4.06077264,  23.82352251,   6.71300127,   2.70052841,
         3.87963256,  33.04781397,  15.52205513,  15.45442819,
        28.85457648,  14.64099172,   9.51889308,   4.20709512,
         3.46584761,   2.38568761,   3.24532052,  18.39888789,
         2.36571748,   4.35251707,  47.70354175,  23.92329897,
        27.12243005,  31.06290567,  29.04229249,  29.7833733 ,
        26.93932674,  11.33955948,  14.59188618,  32.76892072,
         5.07648259,  14.84507621,  28.5473707 ,  26.46609055,
        30.24254402,  31.71147412,  29.49905183,  29.37022245,
        14.01450176,  20.60539464,  28.68728402,   3.34715513,
        12.32701638,  10.45218308,   8.29875431,  16.68404976,
         8.40404308,  15.17612589,   4.94267544,   4.79737845,
        11.09719513,   3.52091539,   5.02530512,  14.90160363,
        13.18135579,  16.17688945,   9.31310333,   1.38629267,
         1.48775697,   2.38578017,   2.38718432,   4.00908154,
        16.75744971,   8.15450125,  17.87759823,   4.71165971,
         4.45730905,   4.79942388,   2.41481829,   3.42421195,
        15.94407368,   5.66956254,  18.65196608,   5.9382704 ,
         6.38210739,   1.70500572,   3.50660163,   5.72739255,
         7.54715987,   2.16309104,   2.0720791 ,   1.5397245 ,
         1.10550651,   9.87220896,   9.55672611,   1.33562635,
         1.91856335,   2.71766202,  16.34727067,   5.90685622,
         6.35261959,   3.28030615,   4.94849304,   6.44733344,
         1.84241242,   2.02749525,   0.67719735,   0.97108952]), 6026065.8168220278, {'warnflag': 0, 'task': 'CONVERGENCE: REL_REDUCTION_OF_F_<=_FACTR*EPSMCH', 'grad': array([-39.3654299 , -29.49749711,   1.96873739,   7.23184623,
       -34.141927  ,   5.07049067,   3.29258361,   9.77157239,
         4.13536897,   4.26644104,  -1.17217376,   9.39699443,
        -2.52408567,   7.29569931,  -9.89341491,  -3.65617243,
       -29.90743561,  -1.20183558,   5.4407642 ,   4.54056032,
       -29.50865544,   3.00118459,  11.1938306 ,   6.60466183,
         2.63689771,   8.0590933 ,  11.67942284,  -1.16425184,
         4.98766051,  -5.29602702,   0.38278865,   1.20691953,
        -2.60568705, -16.64479545,   0.24778265,   8.32834121,
       -17.72585962,   5.83322656,   5.87356688,  -5.31604895,
        -5.54662392,  11.10956525, -16.90131092,  -6.94027308,
        -5.25160019,  -1.31004081,   9.17945116,   8.7898763 ,
         5.73035496,   7.81152738,  -6.10901868,  -6.55428599,
        -5.14302194,   8.22797426,  -5.38993848,  11.64637923,
         9.5681003 ,  -6.59685505, -27.36824187,  10.83859488,
         8.43079179,   1.43519711,   5.52006535,   5.09858649,
         8.56878559,   0.36665689,   7.77603878,  -0.32728862,
       -12.51497574,   8.16996253,   5.99320928,   9.06817481,
         4.42015472,   2.13682611,   5.26688277,   5.75610786,
         6.71878288,  12.02254076,   6.40515268,  -5.23939649,
         3.02315481,  -2.62658793, -11.07106326,  10.15423153,
       -10.59858427,   8.57130847, -10.75833968,  -9.93776642,
        -0.5172452 ,  -4.94148838, -12.13041657,   8.27253106,
         5.04358069,   9.97098072,  -6.88930697, -29.22241324,
       -25.75135513,   5.53621905,   0.29759953,  -5.25741952,
        10.1022661 , -11.84793641,  11.25714907,  -9.27843809,
        -7.51240306,  -9.90139287,  -2.81877699,  -4.98007788,
         9.62933905, -16.98676111,  11.79653525, -17.68580218,
       -16.9864019 , -12.86467094,  -4.97553068, -15.76898377,
       -12.82997914,   8.44114646,   5.99208041,   4.5316308 ,
        -2.58751082,  -4.3564937 ,  -5.6762802 , -30.96415365,
        68.49913792,  93.35918846,  10.0552272 , -17.72268652,
       -16.57802775,  -5.41843927, -11.53453517, -16.40832535,
        -5.14604475,  92.60247984, -31.88724849,   6.99025289]), 'funcalls': 19})
