alpha0: [ 0.04641468  0.04179031  0.01925185  0.01780643  0.04375431  0.02021054
  0.01794593  0.01814987  0.01851796  0.00771196  0.00982835  0.02155854
  0.00345795  0.00816534  0.0400348   0.01789551  0.01970675  0.0216662
  0.01714911  0.01874389  0.00935451  0.01199137  0.00217174  0.00750802
  0.00662363  0.00485447  0.00933404  0.00259593  0.00254968  0.00166415
  0.01043715  0.00115505]
(array([ 1.67428277,  1.56135583,  1.05297115,  1.02570591,  1.60824639,
        1.0729374 ,  1.02796667,  1.03149726,  1.03849864,  0.74016445,
        0.82912346,  1.09832373,  0.52374454,  0.7619059 ,  1.51848526,
        1.027596  ,  1.06267648,  1.10207642,  1.01226262,  1.04390556,
        0.81106954,  0.89693013,  0.4484411 ,  0.73166674,  0.68833059,
        0.59065729,  0.81071496,  0.49622658,  0.49225637,  0.26350623,
        0.85025566,  0.3428977 ]), 4192815.5366616808, {'warnflag': 0, 'task': 'CONVERGENCE: REL_REDUCTION_OF_F_<=_FACTR*EPSMCH', 'grad': array([-104.24673562, -102.87017097,  -77.75446379,  -73.28408457,
       -103.3569428 ,  -80.48315147,  -73.72427036,  -74.3683577 ,
        -75.53089758,  -37.1060836 ,  -42.18672523,  -83.74450577,
        -28.67400495,  -37.84491321, -102.36356065,  -73.58836066,
        -79.09403184,  -84.08981303,  -70.99465304,  -76.28262619,
        -40.71505837,  -50.2629394 ,  -18.1640541 ,  -36.87602688,
        -36.42075645,  -37.52047962,  -40.66578988,   -3.97382437,
         -6.47658362, -212.55576787,  -44.26574372,  -35.23595232]), 'funcalls': 11})
