Kmer hash count: 32	 pcs shape: (132, 32)p_expected: [ 0.00757312  0.00815013  0.00801733  0.00748004  0.00748161  0.00755081
  0.0078955   0.00765352  0.00808015  0.00851248  0.00792901  0.00822104
  0.00744766  0.00758619  0.00755294  0.00797148  0.00742012  0.00774852
  0.00775743  0.00764624  0.00745872  0.00740986  0.00782688  0.0075538
  0.00879489  0.00807473  0.00746883  0.00721223  0.00906591  0.00745844
  0.00821374  0.00734969  0.0078428   0.00750353  0.00691353  0.00788859
  0.0080735   0.00720808  0.00764373  0.00754085  0.00738778  0.00739576
  0.00735763  0.00766472  0.00748694  0.00749858  0.00742998  0.00726629
  0.00749799  0.00768005  0.00766932  0.00747533  0.00742163  0.00743734
  0.00847234  0.00719623  0.00726609  0.00794134  0.00802908  0.00754015
  0.00735969  0.0070538   0.00752451  0.00681138  0.00710288  0.00678292
  0.0072708   0.00716267  0.00776843  0.00756545  0.00700364  0.00753986
  0.00727454  0.00696291  0.00761665  0.00736335  0.00820982  0.00822637
  0.00757434  0.00741905  0.00730786  0.00784206  0.00762757  0.00764056
  0.00736563  0.008364    0.00843947  0.00714444  0.00737005  0.00772192
  0.00778691  0.00758305  0.0073885   0.00726904  0.00749542  0.0076841
  0.00737083  0.00799322  0.00741735  0.0074154   0.00789466  0.00772814
  0.00694044  0.00709998  0.00761492  0.00705954  0.00752873  0.0071858
  0.00767644  0.00888337  0.00851439  0.00718671  0.00714793  0.00775932
  0.00766217  0.0074451   0.0079809   0.00763065  0.00748701  0.00777017
  0.0077705   0.00771649  0.00716644  0.00756452  0.00753831  0.00787608
  0.00743223  0.00793319  0.00779664  0.00722189  0.00713096  0.00354375]
alpha0: [  2.78004992e-12   2.50306893e-12   1.15310734e-12   1.06653233e-12
   2.62070468e-12   1.21052884e-12   1.07488785e-12   1.08710326e-12
   1.10915003e-12   4.61915009e-13   5.88678256e-13   1.29126860e-12
   2.07117023e-13   4.89070453e-13   2.39792106e-12   1.07186806e-12
   1.18035360e-12   1.29771689e-12   1.02716148e-12   1.12268234e-12
   5.60296730e-13   7.18234245e-13   1.30078209e-13   4.49699600e-13
   3.96728320e-13   2.90763056e-13   5.59070648e-13   1.55485351e-13
   1.52715314e-13   9.96759186e-14   6.25142840e-13   6.91828073e-14]
(array([ 59.23908661,  54.88350106,  27.61185031,  25.6246049 ,
        56.72914163,  29.00375045,  25.7996982 ,  26.06630109,
        26.57654521,  11.18261896,  14.2063268 ,  30.78348753,
         6.90329949,  11.84912285,  53.1170529 ,  25.75803832,
        28.28620501,  31.01691106,  24.66456101,  26.94322466,
        13.5231264 ,  17.27189175,   3.44760859,  10.92256141,
         9.59280588,   7.1628383 ,  13.50730513,   4.23499075,
         4.24949629,   2.65983435,  15.07059386,   1.58025836]), 4186792.2484431947, {'warnflag': 0, 'task': 'CONVERGENCE: REL_REDUCTION_OF_F_<=_FACTR*EPSMCH', 'grad': array([-12.08261979,  -8.49749653,   1.38041764,   1.41973995,
        -9.88223191,   1.31397394,   1.4186822 ,   1.41447784,
         1.40558269,   0.64912062,   0.64528514,   1.13613896,
        36.16167702,   0.65979526,  -7.31503406,   1.42108468,
         1.35582134,   1.12225834,   1.4001026 ,   1.40667518,
         0.63277647,   0.85077705,  -0.69010213,   0.59672135,
        -0.97362172,  -0.73012998,   0.6294349 ,   9.22119204,
         9.9913055 ,  -3.60466687,   0.68462203, -40.15441162]), 'funcalls': 79})
