Norms: (132,)
pcss_norm: (132, 512)
length of p_expected: 512
kmer_hash_count: 512
alpha0: [ 1.99260782  1.78318587  0.80935165  0.78500026  1.57797006  1.46639642
  0.70209485  0.66302193  0.73596542  0.73087376  0.28402576  0.41198124
  0.77514902  0.65350275  0.120318    0.27782722  1.6075238   1.71145996
  0.6875947   0.79573701  1.26527608  0.60845268  0.53584127  0.62096044
  0.74017156  0.31955665  0.42670276  0.64121637  0.62361696  0.0774817
  0.29166324  0.80105004  0.72378972  0.27826997  0.21473498  0.75090831
  0.70928957  0.35564098  0.20112034  0.27959823  0.29874728  0.0951918
  0.10902781  0.4813827   0.36549222  0.07006559  0.10548579  0.86890187
  0.83735575  0.36095401  0.3983666   0.5607461   0.29907934  0.2631057
  0.09718418  0.13636778  0.05490132  0.08522986  0.29863659  0.27262488
  0.04471801  0.13027994  1.62180257  1.54177504  0.57701725  0.6791824
  1.50237007  0.6913581   0.68881227  0.65051417  0.67442281  0.28690365
  0.35043864  0.78079411  0.75533584  0.13669985  0.3442401   1.41149511
  0.63479646  0.78046205  1.2968222   0.68914433  0.6399988   0.63546059
  0.73452647  0.30328549  0.45039002  0.55067348  0.61730773  0.07615344
  0.27373176  0.64044155  0.7482518   0.25358652  0.22226178  0.71659499
  0.34556836  0.23310921  0.32785826  0.36449603  0.1390243   0.14511215
  0.45769544  0.46588636  0.08777569  0.1343754   0.8331496   0.41098505
  0.38552678  0.62870861  0.37711448  0.24904831  0.07405036  0.11268052
  0.04427525  0.06320293  0.34567905  0.30051829  0.05456925  0.10670336
  0.84399704  0.47452004  0.27782722  0.70652237  0.40423307  0.24428872
  0.25081932  0.25480409  0.12607379  0.1297265   0.23753674  0.17942547
  0.05966091  0.08744363  0.78112617  0.40478651  0.33782019  0.59350978
  0.37656104  0.20842576  0.31136573  0.34590042  0.15839472  0.17676895
  0.22082283  0.04250424  0.07914202  0.32354142  0.18816983  0.10404685
  0.34202634  0.21451361  0.09032152  0.10050483  0.11710805  0.05080585
  0.05169136  0.13614641  0.09961932  0.03708053  0.04206149  0.51724566
  0.31003747  0.22181902  0.33151097  0.22967788  0.12939443  0.05611888
  0.08124509  0.03796603  0.04261493  0.1221997   0.03010717  0.04704246
  0.82916483  0.35586236  0.4291379   0.69213291  0.32940789  0.37091594
  0.32254523  0.31036953  0.1623795   0.21573118  0.40600408  0.07216866
  0.19580731  0.60147933  0.26565153  0.38220613  0.60236484  0.35785474
  0.32575518  0.29930072  0.14776866  0.21141434  0.27660965  0.04327906
  0.14079531  0.0970735   0.05711508  0.05744714  0.17234143  0.10017276
  0.06862664  0.0578899   0.05523338  0.02722928  0.03298506  0.10382547
  0.02678653  0.04172943  0.38596953  0.21816632  0.20178447  0.31778564
  0.18816983  0.11489429  0.04516076  0.02900029  0.04184012  0.14843279
  0.02745066  0.04859209  1.68821545  0.74382427  0.52034493  1.78252174
  0.83259616  0.48835606  0.48082926  0.20067759  0.24273908  0.8275045
  0.12430278  0.21672737  1.41891121  0.71216747  0.62583072  0.91915428
  0.52278007  0.57967377  0.32686207  0.34091946  0.92668107  0.1147836
  0.24406734  0.69954902  0.26111331  0.15928023  0.82042046  0.38895811
  0.15385651  0.28989223  0.10847437  0.09087496  0.47905825  0.06984421
  0.08345885  0.83115721  0.40910335  0.34822488  0.44308461  0.26454464
  0.10614992  0.05456925  0.07714963  0.46677187  0.06608082  0.10271859
  1.30235661  0.46898563  0.55864302  0.67398006  0.71936219  0.52975342
  0.26520877  0.31402224  0.7752597   0.1427877   0.33593849  0.61930012
  0.70607962  0.89513495  0.79451944  0.62483453  0.304171    0.41950803
  0.72533935  0.09209253  0.31014816  0.62062838  0.27395314  0.22425416
  0.41618739  0.23266646  0.31302605  0.12120351  0.11788286  0.55200173
  0.08987877  0.1455549   0.33914845  0.29775109  0.43201579  0.28114787
  0.06707701  0.04338975  0.05268755  0.3452363   0.065306    0.11921112
  0.40290481  0.21894113  0.53207787  0.27826997  0.24329252  0.1129019
  0.12928374  0.2696363   0.06818389  0.09397423  0.41485913  0.33472092
  0.59328841  0.2696363   0.32586587  0.16315431  0.1885019   0.05301962
  0.09806969  0.20532649  0.10271859  0.29819384  0.10714612  0.13039062
  0.06054641  0.05888609  0.1689101   0.04427525  0.04682108  0.3069382
  0.21119296  0.37799998  0.1763262   0.06940146  0.04914553  0.05058448
  0.03851947  0.06098916  0.33793088  0.35409135  0.2911098   0.37301902
  0.31656807  0.16293294  0.20112034  0.07803514  0.17887203  0.24041463
  0.32785826  0.38851536  0.41231331  0.1866202   0.22026939  0.05124861
  0.16005504  0.0364164   0.03409195  0.07128316  0.04980966  0.04593558
  0.02302313  0.02634378  0.02368726  0.02745066  0.19547525  0.16271156
  0.21263191  0.13404333  0.03752328  0.04272562  0.0261224   0.05456925
  0.30339618  0.23388403  0.23809018  0.22104421  0.16249018  0.19071566
  0.05822196  0.10814231  0.29487319  0.28889603  0.26133469  0.1931508
  0.20687613  0.04427525  0.12175695  0.10017276  0.07504656  0.11168433
  0.07637481  0.05058448  0.04969897  0.03298506  0.04394319  0.09463836
  0.097959    0.0905429   0.03066061  0.04051186  0.02556896  0.04350044
  0.28668227  0.26177744  0.30660614  0.15562752  0.17057042  0.06895871
  0.14256632  0.26233088  0.28745709  0.18717364  0.21373879  0.03863016
  0.1091385   0.11788286  0.09297803  0.1754407   0.07416105  0.05777921
  0.04394319  0.05678301  0.11323396  0.11511566  0.02756135  0.02877892
  0.02645446  0.03840878  0.1604978   0.14998242  0.08334817  0.0941956
  0.03719121  0.05733645  0.15496339  0.14356251  0.12662723  0.11146295
  0.02778272  0.04726383  0.06508462  0.03630571  0.02722928  0.02269107
  0.02645446  0.06785183  0.06619151  0.02767203  0.02678653  0.02103075
  0.22104421  0.17134523  0.11965387  0.18462781  0.05700439  0.12861961
  0.17687964  0.11777218  0.02944304  0.03198887  0.05069517  0.02269107
  0.02645446  0.02103075  0.06143192  0.065306    0.0233552   0.01937042
  0.30616338  0.33472092  0.13515021  0.07084041  0.2677546   0.13692122
  0.05766852  0.12197833  0.13614641  0.06585944  0.04516076  0.14632972
  0.03320644  0.03486676  0.19392561  0.09939795  0.06165329  0.14345182
  0.05335168  0.11655461  0.06397774  0.05124861  0.02523689  0.03763397
  0.02689722  0.02457277  0.04814934  0.01903836  0.01948111  0.01881698
  0.0867795   0.01903836]
(array([ 2.91326144,  2.71578983,  1.78641409,  1.76048307,  2.5191434 ,
        2.4145369 ,  1.67253078,  1.62918083,  1.70532315,  1.70270755,
        1.09092766,  1.3033382 ,  1.74834747,  1.61482488,  0.75114941,
        1.08138914,  2.54833487,  2.64405162,  1.65403153,  1.77194764,
        2.22498174,  1.56608434,  1.47578679,  1.57864774,  1.71401946,
        1.15631351,  1.32696056,  1.60214152,  1.58142257,  0.6219307 ,
        1.10374035,  1.7739369 ,  1.69239455,  1.08179051,  0.96597991,
        1.72473547,  1.67825288,  1.21034766,  0.94170631,  1.0865338 ,
        1.11581526,  0.65951195,  0.71288514,  1.40466338,  1.22353833,
        0.60062027,  0.70579989,  1.84596379,  1.81623688,  1.22383637,
        1.28075883,  1.50505481,  1.12267279,  1.06007088,  0.67401636,
        0.78544177,  0.59032409,  0.63721847,  1.1200696 ,  1.07304779,
        0.54086546,  0.76610297,  2.56375953,  2.48430965,  1.5277116 ,
        1.64553447,  2.44323603,  1.65588245,  1.65712253,  1.61428146,
        1.64085037,  1.09183682,  1.20526689,  1.75278612,  1.72985632,
        0.79144473,  1.19793169,  2.3594298 ,  1.59607158,  1.75571735,
        2.25708706,  1.65909144,  1.60184148,  1.59791821,  1.70603842,
        1.12800252,  1.36063705,  1.49571901,  1.57595631,  0.61885346,
        1.07758839,  1.60226363,  1.71986448,  1.03643422,  0.98266302,
        1.68710913,  1.19654324,  1.00042911,  1.16875724,  1.23029782,
        0.79365556,  0.81177196,  1.36694922,  1.3843163 ,  0.64240148,
        0.78448856,  1.81093513,  1.30371268,  1.26103761,  1.58818794,
        1.24830142,  1.03419954,  0.60499166,  0.72467019,  0.5362444 ,
        0.60346252,  1.1990412 ,  1.12024296,  0.58550411,  0.6941392 ,
        1.82078202,  1.38472279,  1.08454518,  1.67627686,  1.28591362,
        1.01225775,  1.03487068,  1.03975034,  0.75488845,  0.77557585,
        1.00864602,  0.89283613,  0.59649264,  0.64072361,  1.75707784,
        1.28636383,  1.17919613,  1.54850048,  1.25093539,  0.95543981,
        1.14012827,  1.19220306,  0.84516693,  0.88318431,  0.97949329,
        0.52216051,  0.61920291,  1.16202833,  0.90601702,  0.69809109,
        1.18941967,  0.95590923,  0.64407073,  0.67688818,  0.72722548,
        0.56817961,  0.57233228,  0.79153415,  0.68122093,  0.48990125,
        0.50703492,  1.45181808,  1.1326055 ,  0.97840687,  1.16712201,
        0.99412987,  0.76988285,  0.59170588,  0.62691669,  0.49448162,
        0.51024627,  0.75123099,  0.47468044,  0.5528045 ,  1.80265611,
        1.21427157,  1.32542926,  1.65839072,  1.16520278,  1.23861604,
        1.16338391,  1.13493819,  0.85320009,  0.96834937,  1.28239663,
        0.61655728,  0.93141731,  1.55707247,  1.05376276,  1.25279665,
        1.55595341,  1.21777931,  1.16513893,  1.12238029,  0.8197402 ,
        0.95702503,  1.08069425,  0.52893485,  0.8013313 ,  0.67714152,
        0.59012526,  0.59107094,  0.87276647,  0.67897664,  0.61044366,
        0.59479708,  0.58657305,  0.47929535,  0.47779003,  0.69250681,
        0.47954301,  0.51542109,  1.26552127,  0.9656683 ,  0.94249008,
        1.15138657,  0.90895974,  0.7276621 ,  0.54187491,  0.47453068,
        0.51337287,  0.82148714,  0.48283852,  0.5574792 ,  2.62831489,
        1.71683813,  1.45587247,  2.7113661 ,  1.8094305 ,  1.40639329,
        1.40292768,  0.93612217,  1.01827255,  1.80491433,  0.75979714,
        0.96961764,  2.36516435,  1.67907091,  1.58329605,  1.89860695,
        1.45905283,  1.53012069,  1.16912873,  1.19106639,  1.90519608,
        0.73498045,  1.02488322,  1.67032791,  1.05307866,  0.85290272,
        1.79638632,  1.26854267,  0.83923347,  1.1038106 ,  0.70331765,
        0.65216008,  1.40029478,  0.60741066,  0.63492296,  1.80512776,
        1.30047166,  1.19894741,  1.34535331,  1.05966336,  0.70004877,
        0.58755481,  0.61306267,  1.38495842,  0.605533  ,  0.68895177,
        2.26302528,  1.38365265,  1.50291432,  1.63967763,  1.6914177 ,
        1.46856784,  1.0604257 ,  1.14616516,  1.74929844,  0.81305535,
        1.18236439,  1.57883811,  1.67722374,  1.87155711,  1.77088479,
        1.58577572,  1.1275254 ,  1.31244031,  1.69654989,  0.66321498,
        1.13783743,  1.5790113 ,  1.08018336,  0.98109412,  1.30641697,
        1.0050395 ,  1.14327855,  0.74992591,  0.73201746,  1.49178516,
        0.64806571,  0.81589703,  1.18691467,  1.11617845,  1.33235164,
        1.08912079,  0.59765669,  0.52390622,  0.57604315,  1.1983254 ,
        0.60163603,  0.73916073,  1.28468258,  0.98073667,  1.46775551,
        1.07781939,  1.02050762,  0.72130277,  0.7680748 ,  1.06687106,
        0.60353635,  0.66107841,  1.30832949,  1.17806201,  1.54435444,
        1.06941731,  1.16496898,  0.8569282 ,  0.91289468,  0.58210192,
        0.67773161,  0.94088618,  0.68877239,  1.10973207,  0.69931492,
        0.77315512,  0.59224595,  0.58944699,  0.87256444,  0.53584289,
        0.53741611,  1.12648419,  0.95541799,  1.24877089,  0.8852309 ,
        0.60299509,  0.55667363,  0.56563059,  0.50240842,  0.59547349,
        1.18412729,  1.21224143,  1.10530172,  1.23570116,  1.14999045,
        0.85309812,  0.94064489,  0.62680797,  0.87780478,  1.0083678 ,
        1.16877278,  1.26640851,  1.29438457,  0.90975727,  0.97279337,
        0.57166198,  0.84987369,  0.49153642,  0.47604743,  0.61620311,
        0.56539247,  0.54410693,  0.49203455,  0.48241857,  0.48702682,
        0.48101928,  0.92223905,  0.85721503,  0.95552288,  0.78680534,
        0.48057067,  0.52235802,  0.47831354,  0.57923706,  1.12581022,
        1.00549175,  1.01121161,  0.97751096,  0.85127354,  0.91120115,
        0.5943213 ,  0.70276119,  1.11433085,  1.10478163,  1.05484345,
        0.92043639,  0.95242829,  0.53306111,  0.7424927 ,  0.67095439,
        0.6128754 ,  0.71401202,  0.6144555 ,  0.56778241,  0.55803551,
        0.47744389,  0.52902132,  0.66371873,  0.67044534,  0.6466899 ,
        0.47829075,  0.51202533,  0.48060091,  0.52777612,  1.09623848,
        1.05861651,  1.13322179,  0.84269904,  0.87841576,  0.60439198,
        0.81022627,  1.05852004,  1.09881811,  0.91116485,  0.96709148,
        0.49143982,  0.70652831,  0.73892573,  0.65496909,  0.87730597,
        0.61445278,  0.59335804,  0.53052002,  0.58807955,  0.72484773,
        0.72821541,  0.47787983,  0.48082885,  0.48329163,  0.49502456,
        0.85060459,  0.8279254 ,  0.62771144,  0.65145566,  0.49744284,
        0.58821065,  0.83727885,  0.80116649,  0.75749545,  0.71101961,
        0.48221998,  0.552359  ,  0.59917914,  0.45024401,  0.48627363,
        0.49323617,  0.48211856,  0.61212186,  0.5995944 ,  0.47876719,
        0.47846717,  0.49825509,  0.97547498,  0.87849602,  0.73953881,
        0.89907857,  0.58959475,  0.76612592,  0.89029797,  0.73226372,
        0.47719163,  0.47775421,  0.56906659,  0.49218926,  0.48217263,
        0.49703723,  0.5971367 ,  0.60381478,  0.49408941,  0.50457289,
        1.13228012,  1.18277262,  0.79106865,  0.61284156,  1.06772353,
        0.78676833,  0.59397903,  0.75188462,  0.78851134,  0.60126433,
        0.53716245,  0.81206762,  0.47620839,  0.48125761,  0.92623709,
        0.67887381,  0.59968491,  0.81163263,  0.57940044,  0.7356812 ,
        0.59892411,  0.57253554,  0.48728751,  0.49378667,  0.48302486,
        0.48888422,  0.55583968,  0.50268931,  0.50317342,  0.50290791,
        0.63387136,  0.50250627]), 8059444.3922459809, {'warnflag': 0, 'task': 'CONVERGENCE: REL_REDUCTION_OF_F_<=_FACTR*EPSMCH', 'grad': array([ -1.29787312e+02,  -1.26490751e+02,  -9.26127261e+01,
        -9.10200310e+01,  -1.22016844e+02,  -1.19324121e+02,
        -8.55021813e+01,  -8.26813171e+01,  -8.74800881e+01,
        -8.74030273e+01,  -4.56310631e+01,  -6.08036800e+01,
        -9.02152923e+01,  -8.16376476e+01,  -1.60729553e+01,
        -4.48627223e+01,  -1.22810748e+02,  -1.24754479e+02,
        -8.42318503e+01,  -9.17278243e+01,  -1.13325133e+02,
        -7.84944403e+01,  -7.24060015e+01,  -7.92757718e+01,
        -8.81603013e+01,  -5.05987316e+01,  -6.24223928e+01,
        -8.08371790e+01,  -7.94527693e+01,  -2.67666332e+00,
        -4.66472691e+01,  -9.17292484e+01,  -8.66655916e+01,
        -4.49028619e+01,  -3.45469245e+01,  -8.88116686e+01,
        -8.58084066e+01,  -5.43927889e+01,  -3.20515356e+01,
        -4.52696559e+01,  -4.75667708e+01,  -1.21154685e+01,
        -1.44754923e+01,  -6.76451649e+01,  -5.52793075e+01,
         6.99209976e+00,  -1.41162122e+01,  -9.60532747e+01,
        -9.44189290e+01,  -5.53872510e+01,  -5.92450368e+01,
        -7.43221357e+01,  -4.80855249e+01,  -4.30557313e+01,
        -1.26374688e+01,  -1.80237763e+01,   2.72552436e+01,
        -8.42355541e+00,  -4.78958380e+01,  -4.41765617e+01,
         3.15386424e+01,  -1.68681986e+01,  -1.23312898e+02,
        -1.21098112e+02,  -7.59081738e+01,  -8.37020451e+01,
        -1.19754781e+02,  -8.42836429e+01,  -8.44815612e+01,
        -8.16786230e+01,  -8.34149273e+01,  -4.57365149e+01,
        -5.40789670e+01,  -9.04418478e+01,  -8.91463556e+01,
        -1.83584504e+01,  -5.35891115e+01,  -1.17513186e+02,
        -8.04689520e+01,  -9.07274679e+01,  -1.14589456e+02,
        -8.46564997e+01,  -8.08449288e+01,  -8.06225169e+01,
        -8.75959572e+01,  -4.84920835e+01,  -6.46732495e+01,
        -7.37751649e+01,  -7.91379078e+01,  -1.30806377e+00,
        -4.45272884e+01,  -8.08713109e+01,  -8.84434271e+01,
        -4.11287918e+01,  -3.61011900e+01,  -8.64035977e+01,
        -5.34604517e+01,  -3.78529986e+01,  -5.14951826e+01,
        -5.58415443e+01,  -1.85673236e+01,  -1.98681642e+01,
        -6.50145512e+01,  -6.63003892e+01,  -9.67245046e+00,
        -1.79272638e+01,  -9.40727477e+01,  -6.08597053e+01,
        -5.79081530e+01,  -7.99237623e+01,  -5.70522125e+01,
        -4.08312553e+01,   1.54736297e+00,  -1.49393741e+01,
         3.16193812e+01,   1.64301803e+01,  -5.36555133e+01,
        -4.79054320e+01,   2.85041820e+01,  -1.39567552e+01,
        -9.46053355e+01,  -6.60799258e+01,  -4.50939078e+01,
        -8.57115625e+01,  -5.95305508e+01,  -3.91110776e+01,
        -4.09288438e+01,  -4.13834260e+01,  -1.62881622e+01,
        -1.73508081e+01,  -3.86172229e+01,  -2.72323294e+01,
         2.22130107e+01,  -9.51906963e+00,  -9.08325512e+01,
        -5.95583866e+01,  -5.21975775e+01,  -7.73231100e+01,
        -5.72837421e+01,  -3.34454815e+01,  -4.93945937e+01,
        -5.31144528e+01,  -2.26371455e+01,  -2.64061117e+01,
        -3.58055315e+01,   3.12406514e+01,  -4.04887956e+00,
        -5.10126714e+01,  -2.87271787e+01,  -1.38484002e+01,
        -5.29500400e+01,  -3.38287396e+01,  -1.06868712e+01,
        -1.31615892e+01,  -1.51039402e+01,   3.21253345e+01,
         3.15610071e+01,  -1.83770174e+01,  -1.30960776e+01,
         3.12634672e+01,   3.16264671e+01,  -7.07978754e+01,
        -4.88291305e+01,  -3.57899073e+01,  -5.13389180e+01,
        -3.72652137e+01,  -1.70489238e+01,   2.63480878e+01,
        -5.83128950e+00,   3.07785104e+01,   3.20407221e+01,
        -1.61136366e+01,   4.90736635e+01,   3.20878656e+01,
        -9.34374352e+01,  -5.47096654e+01,  -6.22215794e+01,
        -8.44964066e+01,  -5.12070011e+01,  -5.63884464e+01,
        -5.11312708e+01,  -4.90066294e+01,  -2.34238190e+01,
        -3.47637599e+01,  -5.91906799e+01,   3.11573919e+00,
        -3.10029736e+01,  -7.78723499e+01,  -4.26534850e+01,
        -5.73126542e+01,  -7.77401496e+01,  -5.49534003e+01,
        -5.12296983e+01,  -4.80657422e+01,  -2.04488929e+01,
        -3.37340042e+01,  -4.47928042e+01,   3.13972692e+01,
        -1.90566020e+01,  -1.26462663e+01,   2.60570932e+01,
         2.55765694e+01,  -2.53731190e+01,  -1.31324590e+01,
         8.03284633e+00,   2.43464880e+01,   2.80205069e+01,
         6.45258003e+01,   3.84384978e+01,  -1.37168540e+01,
         6.71836791e+01,   3.10295279e+01,  -5.82744700e+01,
        -3.47118109e+01,  -3.21468559e+01,  -5.02375329e+01,
        -2.89220437e+01,  -1.50776824e+01,   3.18172302e+01,
         5.44380349e+01,   3.11706945e+01,  -2.06010148e+01,
         6.34159911e+01,   3.27255408e+01,  -1.24890174e+02,
        -8.83040061e+01,  -7.10678811e+01,  -1.26111210e+02,
        -9.39518252e+01,  -6.75937350e+01,  -6.75085681e+01,
        -3.16354535e+01,  -3.94846584e+01,  -9.37087954e+01,
        -1.65052528e+01,  -3.49080208e+01,  -1.17599080e+02,
        -8.57935474e+01,  -7.95613455e+01,  -9.90687212e+01,
        -7.12847846e+01,  -7.60491312e+01,  -5.15325420e+01,
        -5.30904401e+01,  -9.93890280e+01,  -1.53460384e+01,
        -4.00016767e+01,  -8.53772197e+01,  -4.25072636e+01,
        -2.32196048e+01,  -9.31601330e+01,  -5.84519171e+01,
        -2.20086206e+01,  -4.66430343e+01,  -1.42220883e+01,
        -1.09130482e+01,  -6.73238195e+01,   6.69183137e+00,
        -7.39470087e+00,  -9.35977305e+01,  -6.06356283e+01,
        -5.36137217e+01,  -6.35553145e+01,  -4.30618949e+01,
        -1.40298798e+01,   2.80037017e+01,  -2.10472369e+00,
        -6.63330138e+01,   1.21039311e+01,  -1.35641024e+01,
        -1.14836058e+02,  -6.61538130e+01,  -7.41906030e+01,
        -8.33188382e+01,  -8.67183734e+01,  -7.19342071e+01,
        -4.31428515e+01,  -4.98496608e+01,  -9.03022469e+01,
        -1.98502736e+01,  -5.24674869e+01,  -7.93438951e+01,
        -8.58148529e+01,  -9.74637662e+01,  -9.16706298e+01,
        -7.98193609e+01,  -4.84659070e+01,  -6.13780325e+01,
        -8.70059268e+01,  -1.13763237e+01,  -4.92251378e+01,
        -7.93208767e+01,  -4.47214919e+01,  -3.60942882e+01,
        -6.09528856e+01,  -3.81570612e+01,  -4.96353605e+01,
        -1.60394099e+01,  -1.52982436e+01,  -7.33741337e+01,
        -1.05505979e+01,  -2.01634159e+01,  -5.27855078e+01,
        -4.75961510e+01,  -6.27414389e+01,  -4.54764510e+01,
         1.16399583e+01,   3.18719404e+01,   3.09312323e+01,
        -5.36082513e+01,   1.37421394e+01,  -1.55480101e+01,
        -5.94592536e+01,  -3.58059739e+01,  -7.17891732e+01,
        -4.46118098e+01,  -3.96638418e+01,  -1.48359382e+01,
        -1.69833036e+01,  -4.36830006e+01,   9.34174315e+00,
        -1.18460375e+01,  -6.11501959e+01,  -5.21476026e+01,
        -7.69453352e+01,  -4.38665162e+01,  -5.12186206e+01,
        -2.37225080e+01,  -2.92305046e+01,   2.94928368e+01,
        -1.28284700e+01,  -3.22501860e+01,  -1.35543092e+01,
        -4.71049761e+01,  -1.40634126e+01,  -1.72525929e+01,
         2.20538736e+01,   2.46373899e+01,  -2.51467790e+01,
         3.16558933e+01,   3.45723505e+01,  -4.83724707e+01,
        -3.35968977e+01,  -5.70716883e+01,  -2.65071334e+01,
         7.67853410e+00,   3.34629244e+01,   3.25761634e+01,
         3.08220249e+01,   2.08266428e+01,  -5.25827232e+01,
        -5.45733613e+01,  -4.67592408e+01,  -5.61081409e+01,
        -5.01250228e+01,  -2.34692311e+01,  -3.19784136e+01,
        -3.29583157e+00,  -2.61429508e+01,  -3.86825834e+01,
        -5.14946421e+01,  -5.82873504e+01,  -6.00343010e+01,
        -2.88951412e+01,  -3.53165307e+01,   3.15147506e+01,
        -2.30584488e+01,   3.21904638e+01,   3.52054024e+01,
         4.20281049e+00,   3.20894837e+01,   3.23030589e+01,
         9.14217079e+01,   6.99837806e+01,   8.72000611e+01,
         6.33229586e+01,  -3.03268976e+01,  -2.37155584e+01,
        -3.36794082e+01,  -1.80513662e+01,   3.02065634e+01,
         3.13943228e+01,   7.12588017e+01,   3.01328142e+01,
        -4.83225784e+01,  -3.82556891e+01,  -3.88272415e+01,
        -3.56796640e+01,  -2.33065395e+01,  -2.92673175e+01,
         2.41527838e+01,  -1.41719053e+01,  -4.74464794e+01,
        -4.67008226e+01,  -4.26384753e+01,  -3.00606659e+01,
        -3.31481004e+01,   3.19223849e+01,  -1.57256145e+01,
        -1.30370481e+01,   6.92864000e-02,  -1.45927215e+01,
        -1.35227411e+00,   3.20740373e+01,   3.37025237e+01,
         3.84040115e+01,   3.19804157e+01,  -1.20254285e+01,
        -1.27437220e+01,  -1.07983653e+01,   4.69867132e+01,
         3.06420464e+01,   7.48452701e+01,   3.16636980e+01,
        -4.60529223e+01,  -4.29241354e+01,  -4.88863101e+01,
        -2.23367243e+01,  -2.56589497e+01,   8.15654724e+00,
        -1.96673102e+01,  -4.29307640e+01,  -4.62558311e+01,
        -2.90376910e+01,  -3.45665088e+01,   3.03066000e+01,
        -1.43315193e+01,  -1.55288229e+01,  -1.15688559e+01,
        -2.58762494e+01,   9.70787084e-01,   2.47653126e+01,
         3.18434596e+01,   2.67880112e+01,  -1.49778690e+01,
        -1.51138502e+01,   6.25181684e+01,   5.60637219e+01,
         6.93306205e+01,   3.05563447e+01,  -2.31307185e+01,
        -2.10748050e+01,  -7.25193382e+00,  -1.18666260e+01,
         3.16498320e+01,   2.63470876e+01,  -2.19355032e+01,
        -1.91583819e+01,  -1.64212663e+01,  -1.44793041e+01,
         6.15070711e+01,   3.23724469e+01,   1.44164478e+01,
         2.81145227e+01,   6.48467334e+01,   9.35534495e+01,
         6.92952012e+01,   8.92168826e+00,   1.27133032e+01,
         6.19381868e+01,   6.71409150e+01,   1.04034362e+02,
        -3.55389713e+01,  -2.57093611e+01,  -1.55576885e+01,
        -2.80173022e+01,   2.62608041e+01,  -1.68533109e+01,
        -2.69041215e+01,  -1.52809170e+01,   5.24488422e+01,
         4.17437541e+01,   3.18259613e+01,   9.36031031e+01,
         6.92918330e+01,   1.04098963e+02,   1.99182863e+01,
         1.34305019e+01,   8.91649326e+01,   1.14262956e+02,
        -4.88212517e+01,  -5.25164715e+01,  -1.83038272e+01,
         4.99858697e+00,  -4.37118233e+01,  -1.80963972e+01,
         2.47178532e+01,  -1.61148674e+01,  -1.81798510e+01,
         1.29942729e+01,   3.23832184e+01,  -1.99181584e+01,
         3.76045196e+01,   3.39790224e+01,  -3.05200776e+01,
        -1.30507032e+01,   1.91434064e+01,  -1.97796096e+01,
         3.01444127e+01,  -1.54002901e+01,   1.60623839e+01,
         3.12984304e+01,   7.70281130e+01,   3.09965799e+01,
         6.66563012e+01,   8.13147142e+01,   3.26229013e+01,
         1.16450529e+02,   1.13605972e+02,   1.17872923e+02,
        -9.18568623e+00,   1.16455991e+02]), 'funcalls': 9})
