alpha0: [ 0.09282936  0.08358062  0.0385037   0.03561286  0.08750862  0.04042108
  0.03589186  0.03629974  0.03703591  0.01542392  0.01965671  0.04311708
  0.0069159   0.01633068  0.0800696   0.03579102  0.03941349  0.0433324
  0.03429821  0.03748777  0.01870901  0.02398274  0.00434347  0.01501603
  0.01324726  0.00970894  0.01866807  0.00519185  0.00509936  0.0033283
  0.02087431  0.0023101 ]
(array([ 1.54738499,  1.4544208 ,  0.93626737,  0.90696796,  1.49360241,
        0.95808218,  0.90942   ,  0.91321615,  0.92066318,  0.69556453,
        0.75406166,  0.98737693,  0.50744193,  0.7100541 ,  1.41773889,
        0.90888208,  0.94672997,  0.99115037,  0.89351322,  0.92617357,
        0.7421597 ,  0.79959655,  0.3641001 ,  0.69020492,  0.66141408,
        0.58895255,  0.74199626,  0.41698695,  0.41428243,  0.31343452,
        0.76802279,  0.52290721]), 4193016.6874514893, {'warnflag': 0, 'task': 'CONVERGENCE: REL_REDUCTION_OF_F_<=_FACTR*EPSMCH', 'grad': array([-106.84480059, -104.31735491,  -91.66438366,  -88.77005245,
       -105.2354361 ,  -93.23298637,  -89.06901756,  -89.50267277,
        -90.27425166,  -41.46080003,  -53.68217095,  -94.76734033,
        -27.07448257,  -44.08987242, -103.49959411,  -88.99012842,
        -92.46484985,  -94.99046373,  -87.05196534,  -90.78800629,
        -50.94622315,  -65.63217042,  -85.78411916,  -40.33333439,
        -35.42219753,  -26.71121572,  -50.84738807,  -52.8229768 ,
        -55.12305764, -113.75841135,  -57.13694343,  131.46033518]), 'funcalls': 10})
