Norms: [ 18002.  16110.   7312.   7092.  14256.  13248.   6343.   5990.   6649.
   6603.   2566.   3722.   7003.   5904.   1087.   2510.  14523.  15462.
   6212.   7189.  11431.   5497.   4841.   5610.   6687.   2887.   3855.
   5793.   5634.    700.   2635.   7237.   6539.   2514.   1940.   6784.
   6408.   3213.   1817.   2526.   2699.    860.    985.   4349.   3302.
    633.    953.   7850.   7565.   3261.   3599.   5066.   2702.   2377.
    878.   1232.    496.    770.   2698.   2463.    404.   1177.  14652.
  13929.   5213.   6136.  13573.   6246.   6223.   5877.   6093.   2592.
   3166.   7054.   6824.   1235.   3110.  12752.   5735.   7051.  11716.
   6226.   5782.   5741.   6636.   2740.   4069.   4975.   5577.    688.
   2473.   5786.   6760.   2291.   2008.   6474.   3122.   2106.   2962.
   3293.   1256.   1311.   4135.   4209.    793.   1214.   7527.   3713.
   3483.   5680.   3407.   2250.    669.   1018.    400.    571.   3123.
   2715.    493.    964.   7625.   4287.   2510.   6383.   3652.   2207.
   2266.   2302.   1139.   1172.   2146.   1621.    539.    790.   7057.
   3657.   3052.   5362.   3402.   1883.   2813.   3125.   1431.   1597.
   1995.    384.    715.   2923.   1700.    940.   3090.   1938.    816.
    908.   1058.    459.    467.   1230.    900.    335.    380.   4673.
   2801.   2004.   2995.   2075.   1169.    507.    734.    343.    385.
   1104.    272.    425.   7491.   3215.   3877.   6253.   2976.   3351.
   2914.   2804.   1467.   1949.   3668.    652.   1769.   5434.   2400.
   3453.   5442.   3233.   2943.   2704.   1335.   1910.   2499.    391.
   1272.    877.    516.    519.   1557.    905.    620.    523.    499.
    246.    298.    938.    242.    377.   3487.   1971.   1823.   2871.
   1700.   1038.    408.    262.    378.   1341.    248.    439.  15252.
   6720.   4701.  16104.   7522.   4412.   4344.   1813.   2193.   7476.
   1123.   1958.  12819.   6434.   5654.   8304.   4723.   5237.   2953.
   3080.   8372.   1037.   2205.   6320.   2359.   1439.   7412.   3514.
   1390.   2619.    980.    821.   4328.    631.    754.   7509.   3696.
   3146.   4003.   2390.    959.    493.    697.   4217.    597.    928.
  11766.   4237.   5047.   6089.   6499.   4786.   2396.   2837.   7004.
   1290.   3035.   5595.   6379.   8087.   7178.   5645.   2748.   3790.
   6553.    832.   2802.   5607.   2475.   2026.   3760.   2102.   2828.
   1095.   1065.   4987.    812.   1315.   3064.   2690.   3903.   2540.
    606.    392.    476.   3119.    590.   1077.   3640.   1978.   4807.
   2514.   2198.   1020.   1168.   2436.    616.    849.   3748.   3024.
   5360.   2436.   2944.   1474.   1703.    479.    886.   1855.    928.
   2694.    968.   1178.    547.    532.   1526.    400.    423.   2773.
   1908.   3415.   1593.    627.    444.    457.    348.    551.   3053.
   3199.   2630.   3370.   2860.   1472.   1817.    705.   1616.   2172.
   2962.   3510.   3725.   1686.   1990.    463.   1446.    329.    308.
    644.    450.    415.    208.    238.    214.    248.   1766.   1470.
   1921.   1211.    339.    386.    236.    493.   2741.   2113.   2151.
   1997.   1468.   1723.    526.    977.   2664.   2610.   2361.   1745.
   1869.    400.   1100.    905.    678.   1009.    690.    457.    449.
    298.    397.    855.    885.    818.    277.    366.    231.    393.
   2590.   2365.   2770.   1406.   1541.    623.   1288.   2370.   2597.
   1691.   1931.    349.    986.   1065.    840.   1585.    670.    522.
    397.    513.   1023.   1040.    249.    260.    239.    347.   1450.
   1355.    753.    851.    336.    518.   1400.   1297.   1144.   1007.
    251.    427.    588.    328.    246.    205.    239.    613.    598.
    250.    242.    190.   1997.   1548.   1081.   1668.    515.   1162.
   1598.   1064.    266.    289.    458.    205.    239.    190.    555.
    590.    211.    175.   2766.   3024.   1221.    640.   2419.   1237.
    521.   1102.   1230.    595.    408.   1322.    300.    315.   1752.
    898.    557.   1296.    482.   1053.    578.    463.    228.    340.
    243.    222.    435.    172.    176.    170.    784.    172.]
length of p_expected: 512
kmer_hash_count: 512
alpha0: [ 13.44172472  12.02900707   5.45972065   5.29545116  10.64466324
   9.89201028   4.7361882    4.47261033   4.96467213   4.93032487
   1.91597965   2.77914117   5.22899668   4.40839589   0.81164064
   1.8741656   10.84402667  11.54515874   4.63837318   5.36787907
   8.53529359   4.10449732   3.61467556   4.18887211   4.99304595
   2.15566377   2.87844955   4.32551446   4.20679242   0.52267566
   1.96750054   5.40371969   4.88253738   1.87715231   1.44855827
   5.06547386   4.78472236   2.3990813    1.35671669   1.88611247
   2.01528802   0.64214439   0.73547933   3.24730923   2.46553578
   0.47264814   0.71158558   5.86143423   5.64863057   2.43492191
   2.68729959   3.78267845   2.01752806   1.77485722   0.65558462
   0.91990917   0.37035304   0.57494323   2.01454135   1.83907166
   0.30165853   0.8788418   10.94034833  10.40049903   3.89244034
   4.58162554  10.13468113   4.66376028   4.64658665   4.38823554
   4.54951832   1.93539332   2.36398736   5.26707733   5.09534104
   0.92214921   2.32217331   9.52165724   4.28220705   5.2648373
   8.74809726   4.64882669   4.31730098   4.28668712   4.9549653
   2.04590188   3.03823897   3.71473061   4.16423168   0.51371551
   1.84653845   4.3202877    5.04755356   1.71064278   1.49933248
   4.83400321   2.33113346   1.57250707   2.21166474   2.45881566
   0.93782948   0.97889685   3.08751982   3.1427741    0.59211686
   0.90646894   5.62025675   2.77242106   2.60068477   4.24113967
   2.54393712   1.68002892   0.4995286    0.76011975   0.29867181
   0.42635401   2.33188014   2.0272349    0.368113     0.71979906
   5.69343134   3.2010151    1.8741656    4.76605538   2.72687361
   1.6479217    1.69197579   1.71885626   0.85046797   0.8751084
   1.60237425   1.2103675    0.40246026   0.58987682   5.26931737
   2.730607     2.2788659    4.00369559   2.54020373   1.40599754
   2.10040949   2.3333735    1.06849839   1.19244719   1.48962564
   0.28672494   0.53387586   2.18254424   1.26935518   0.70187875
   2.30723972   1.44706491   0.60929049   0.677985     0.78998693
   0.3427259    0.34869934   0.91841581   0.67201157   0.25013764
   0.28373822   3.4892334    2.09144934   1.49634576   2.23630516   1.54936
   0.87286836   0.37856652   0.54806277   0.25611108   0.28747162
   0.82433419   0.20309683   0.3173388    5.59337628   2.40057466
   2.8948765    4.66898704   2.22211825   2.50212307   2.17582412
   2.09368937   1.09537886   1.45527838   2.73882048   0.48683505
   1.32087607   4.05745651   1.79203085   2.57828438   4.06342995
   2.41401489   2.19747783   2.01902142   0.99681716   1.42615788
   1.86595212   0.29195169   0.94977635   0.65483794   0.38528663
   0.38752667   1.16258001   0.67574497   0.4629413    0.39051339
   0.37259308   0.18368316   0.2225105    0.70038539   0.18069644
   0.28149818   2.60367149   1.47170533   1.36119677   2.1437169
   1.26935518   0.77505334   0.30464524   0.19563003   0.28224486
   1.00129724   0.18517652   0.32779231  11.38835604   5.01768637
   3.51014042  12.02452699   5.61652335   3.29435004   3.24357584
   1.35372997   1.63746819   5.58217609   0.8385211    1.4619985
   9.57168477   4.80413603   4.22172601   6.20042673   3.52656737
   3.91036065   2.20494462   2.29977292   6.25120094   0.77430666
   1.64642834   4.71901457   1.76141699   1.07447183   5.5343886
   2.62383183   1.03788453   1.95555366   0.73174593   0.61302389
   3.23162896   0.47115478   0.56299636   5.60681652   2.75972751
   2.34905377   2.98895812   1.78456405   0.71606566   0.368113
   0.52043563   3.14874754   0.44576767   0.69291859   8.78543123
   3.16368113   3.76849154   4.5465316    4.8526702    3.57360818
   1.78904413   2.1183298    5.22974336   0.96321658   2.26617234
   4.17767191   4.76306866   6.03839728   5.35966559   4.21500589
   2.05187532   2.82991538   4.89299089   0.62123736   2.09219602
   4.18663207   1.84803181   1.51277271   2.807515     1.56952035
   2.11160968   0.81761407   0.79521369   3.72369077   0.60630377
   0.98188357   2.28782605   2.00856791   2.91429017   1.89656598
   0.45248779   0.29269837   0.35541945   2.32889342   0.44054092
   0.80417384   2.71791345   1.47693209   3.58928845   1.87715231
   1.64120159   0.76161311   0.87212168   1.81891131   0.45995458
   0.63393091   2.79855484   2.25795887   4.00220223   1.81891131
   2.19822451   1.10060561   1.27159522   0.35765949   0.66155805
   1.38509051   0.69291859   2.01155463   0.72278578   0.87958847
   0.4084337    0.3972335    1.13943295   0.29867181   0.31584544
   2.07054231   1.42466452   2.54991056   1.18946048   0.46816806
   0.33152571   0.34123254   0.25984447   0.41142042   2.27961257
   2.38862778   1.96376714   2.51630998   2.13550343   1.09911225
   1.35671669   0.52640906   1.2066341    1.62178792   2.21166474
   2.62084512   2.78138121   1.25890167   1.48589224   0.34571262
   1.07969859   0.24565756   0.22997729   0.48086161   0.33600578
   0.309872     0.15530934   0.17770973   0.15978942   0.18517652
   1.31863603   1.09761889   1.43437136   0.9042289    0.25312436
   0.28821829   0.17621637   0.368113     2.04664856   1.57773383
   1.60610765   1.491119     1.09612554   1.28652881   0.39275343
   0.72950589   1.98915424   1.94883355   1.76291035   1.30295576
   1.39554402   0.29867181   0.82134747   0.67574497   0.50624871
   0.75339964   0.51520887   0.34123254   0.3352591    0.2225105
   0.29643177   0.63841099   0.66081138   0.61078385   0.20683023
   0.2732847    0.17248297   0.29344505   1.93389996   1.76589706
   2.06830227   1.04983141   1.15063314   0.46518134   0.96172322
   1.76963046   1.93912671   1.26263507   1.44183815   0.26059115
   0.73622601   0.79521369   0.6272108    1.18348704   0.50027528
   0.38976671   0.29643177   0.38304659   0.76385315   0.7765467
   0.1859232    0.19413668   0.17845641   0.25909779   1.0826853
   1.01175075   0.56224968   0.63542427   0.25088432   0.38677999
   1.04535133   0.96844334   0.85420137   0.75190628   0.18741656
   0.31883216   0.43904756   0.24491088   0.18368316   0.1530693
   0.17845641   0.45771455   0.44651435   0.18666988   0.18069644
   0.14186911   1.491119     1.1558599    0.80716056   1.24546144
   0.38453995   0.8676416    1.19319387   0.79446701   0.19861675
   0.21579038   0.34197922   0.1530693    0.17845641   0.14186911
   0.41440713   0.44054092   0.15754938   0.13066892   2.06531555
   2.25795887   0.91169569   0.47787489   1.80621776   0.92364257
   0.38902003   0.82284083   0.91841581   0.44427431   0.30464524
   0.98711033   0.22400386   0.23520405   1.30818252   0.67051821
   0.41590049   0.96769666   0.35989953   0.78625353   0.43158076
   0.34571262   0.17024293   0.25387104   0.18144312   0.16576285
   0.32480559   0.12842888   0.1314156    0.12693552   0.58539674
   0.12842888]
(array([ 19.95915776,  18.5603662 ,  11.65519635,  11.44826456,
        17.08272845,  16.32062514,  10.79262813,  10.46949343,
        10.98042204,  11.0046087 ,   6.17026782,   7.98790464,
        11.32853237,  10.31075396,   2.9741889 ,   6.09206962,
        17.31759053,  17.97641165,  10.6177027 ,  11.53977867,
        14.90988826,   9.99670485,   9.30874075,  10.05994281,
        11.11005766,   6.78546229,   8.1895836 ,  10.23595325,
        10.0767604 ,   2.01315476,   6.28879168,  11.50051834,
        10.88696706,   6.09609926,   4.96288941,  11.1802382 ,
        10.8046907 ,   7.19074642,   4.71477347,   6.15573179,
         6.39071259,   2.34545216,   2.70285784,   8.78674965,
         7.27806135,   1.77571201,   2.66072074,  12.09195434,
        11.89942917,   7.35016978,   7.78807673,   9.49826519,
         6.49726836,   5.9178282 ,   2.44694231,   3.2174315 ,
         1.52022189,   2.17186932,   6.46458994,   6.01869334,
         1.3302676 ,   3.0617137 ,  17.4627427 ,  16.81428176,
         9.70203197,  10.5658873 ,  16.44694386,  10.59609378,
        10.6652904 ,  10.34642506,  10.54082619,   6.15904867,
         7.18240955,  11.34144144,  11.22613994,   3.26753156,
         7.14535393,  15.86131988,  10.20821517,  11.41191916,
        15.18866413,  10.70427447,  10.2476693 ,  10.23898007,
        11.02076361,   6.53168418,   8.44260629,   9.47325846,
        10.06193326,   1.9755726 ,   6.07708297,  10.2502347 ,
        11.11386353,   5.6627675 ,   5.13807299,  10.88479009,
         7.10296524,   5.31220037,   6.88074658,   7.40958158,
         3.28613015,   3.44263984,   8.44357167,   8.64473014,
         2.21383671,   3.21608179,  11.84415944,   8.00997938,
         7.63103273,  10.13809371,   7.53659801,   5.66654496,
         1.86734331,   2.78205681,   1.3154087 ,   1.68120295,
         7.14325931,   6.44138255,   1.49199515,   2.58066462,
        11.90033418,   8.50690471,   6.13999318,  10.80478214,
         7.78892306,   5.39123514,   5.65959636,   5.69166767,
         2.98203287,   3.14881275,   5.39679397,   4.20396711,
         1.59060119,   2.2024177 ,  11.43211094,   7.79041557,
         6.91713756,   9.8681648 ,   7.59423105,   4.85393386,
         6.62398605,   7.025197  ,   3.73370392,   4.10747513,
         5.10359925,   1.27451593,   2.01238015,   6.82793128,
         4.32697636,   2.60931295,   7.03286969,   4.83127375,
         2.2373005 ,   2.46637337,   2.79188467,   1.40882606,
         1.42629749,   3.27943611,   2.49354197,   1.14120158,
         1.22863855,   9.13220786,   6.52057811,   5.08837373,
         6.80754119,   5.25092666,   3.09793273,   1.53434016,
         2.07946779,   1.16597901,   1.23824298,   2.97257882,
         0.86017988,   1.36429206,  11.71678479,   7.25920717,
         8.11901408,  10.64120637,   6.8019437 ,   7.45806228,
         6.86673147,   6.55473543,   3.81374371,   4.98705979,
         7.69610228,   1.90537881,   4.61038996,   9.91879472,
         5.80062153,   7.53951406,   9.879218  ,   7.28919385,
         6.84671029,   6.49089188,   3.50360384,   4.86232818,
         6.09274832,   1.29501219,   3.34766972,   2.4653168 ,
         1.53200383,   1.53898053,   3.99533107,   2.47660712,
         1.81617687,   1.56421333,   1.49982666,   0.75961322,
         0.99857737,   2.56785617,   0.75007307,   1.2536141 ,
         7.70846479,   4.9407894 ,   4.72153398,   6.73115749,
         4.35835034,   2.79718177,   1.33268862,   0.80387209,
         1.24681941,   3.52414148,   0.7953396 ,   1.37492687,
        17.96496594,  11.11474473,   9.16062276,  18.46635855,
        11.81897326,   8.70586752,   8.76243593,   4.64713485,
         5.48883228,  11.79395056,   3.03284312,   4.99927029,
        15.87864165,  10.77771261,  10.08265951,  12.53289875,
         9.18652049,   9.70871438,   6.90005827,   7.07432603,
        12.56995526,   2.85947438,   5.5721583 ,  10.78476181,
         5.833897  ,   3.82008174,  11.71029518,   7.71387066,
         3.68908307,   6.31046599,   2.63734522,   2.29187359,
         8.73763144,   1.81533803,   2.14504315,  11.74163017,
         7.98113263,   7.10723833,   8.27152492,   5.90074689,
         2.61744048,   1.50398311,   1.95869436,   8.64383111,
         1.74012664,   2.54564773,  15.24469098,   8.58181653,
         9.48923828,  10.52201098,  10.93657941,   9.26244982,
         5.91079771,   6.6908638 ,  11.34955735,   3.46132932,
         6.99588519,  10.09073518,  10.83313736,  12.27693518,
        11.53528819,  10.14993508,   6.51822082,   8.03555673,
        10.95565367,   2.37054427,   6.60310266,  10.07408238,
         6.11457236,   5.10765869,   7.97627524,   5.37707715,
         6.65755428,   2.96362578,   2.83035424,   9.36888611,
         2.26337535,   3.4877865 ,   7.02814622,   6.41061778,
         8.20558334,   6.17816357,   1.71053155,   1.27845858,
         1.44336113,   7.13914234,   1.70157939,   2.87300783,
         7.78657569,   5.13493313,   9.20626043,   6.03578941,
         5.51638294,   2.75517207,   3.09010884,   5.95916076,
         1.76534452,   2.35479167,   8.03330495,   6.94190676,
         9.78296049,   5.99636195,   6.844263  ,   3.85151451,
         4.40974571,   1.472979  ,   2.47162573,   4.685076  ,
         2.54255146,   6.2981719 ,   2.6093367 ,   3.13028141,
         1.57806464,   1.54166769,   4.0079283 ,   1.31448138,
         1.30865761,   6.46070943,   4.83736246,   7.53151285,
         4.1292928 ,   1.78417467,   1.36798229,   1.40086206,
         1.19669616,   1.60070183,   6.99859739,   7.24789829,
         6.31865681,   7.37458943,   6.71745902,   3.81413634,
         4.70186129,   2.04612953,   4.02626321,   5.35971046,
         6.88003896,   7.68345542,   7.81430538,   4.38255949,
         5.02191523,   1.42573203,   3.78354335,   1.1351187 ,
         1.02855347,   1.88760724,   1.40149193,   1.33590636,
         1.01046099,   0.765938  ,   0.97094208,   0.78105566,
         4.4920069 ,   3.85707541,   4.82868042,   3.23975634,
         1.1170115 ,   1.27418835,   0.72898681,   1.45833137,
         6.49288911,   5.38167156,   5.43082695,   5.07708532,
         3.79401435,   4.38411636,   1.56457624,   2.62667605,
         6.41452678,   6.33302203,   5.85713964,   4.48326805,
         4.82457914,   1.30600716,   2.89835318,   2.42058786,
         1.92435447,   2.70507474,   1.94624262,   1.40883584,
         1.37094872,   0.99744441,   1.29387954,   2.37358902,
         2.42670495,   2.2635345 ,   0.908676  ,   1.2394993 ,
         0.75864059,   1.29198741,   6.22625645,   5.91025068,
         6.57518634,   3.72240428,   4.07027884,   1.78557029,
         3.43321461,   5.90435098,   6.26040073,   4.39935584,
         4.98069029,   1.16462963,   2.66103794,   2.87632813,
         2.31833299,   4.03120195,   1.91926972,   1.55541443,
         1.29862655,   1.5191603 ,   2.78774919,   2.8052015 ,
         0.76013633,   0.83678213,   0.77435961,   1.17344793,
         3.78885535,   3.58154267,   2.1005417 ,   2.29769163,
         1.16687869,   1.52387634,   3.66405325,   3.34135926,
         3.00503342,   2.67484381,   0.80349191,   1.36183003,
         1.68401135,   0.97518156,   0.81364125,   0.97922403,
         0.76491582,   1.81020487,   1.70569084,   0.77315179,
         0.74053289,   0.6653878 ,   5.05076284,   4.06661897,
         2.8708611 ,   4.26049167,   1.5288063 ,   3.06919367,
         4.19017427,   2.82585237,   0.84535005,   0.96304192,
         1.41605179,   0.97335147,   0.76335262,   0.66630027,
         1.61748563,   1.71731495,   1.01315526,   0.93735809,
         6.5683838 ,   7.02122634,   3.27147503,   1.85780128,
         5.9908899 ,   3.22210222,   1.5577089 ,   2.9715688 ,
         3.24273092,   1.70752601,   1.31669869,   3.43588938,
         0.99940266,   1.06907252,   4.55366974,   2.48289314,
         1.63690864,   3.44144591,   1.46132168,   2.85881867,
         1.66712588,   1.43077622,   0.82465157,   1.16099849,
         0.7814826 ,   0.8817802 ,   1.37042357,   0.99202959,
         0.90362293,   1.0177094 ,   2.15832426,   0.97815213]), 8021173.615341967, {'warnflag': 0, 'task': 'CONVERGENCE: REL_REDUCTION_OF_F_<=_FACTR*EPSMCH', 'grad': array([-65.34839089, -61.31064464, -26.64500047, -25.23626989,
       -56.73737397, -53.7773081 , -19.80064708, -17.03863808,
       -22.43981366, -21.83820016,  14.95535552,   3.88812382,
       -24.7955708 , -16.70001445,  19.45914431,  15.58669671,
       -57.40903204, -59.90895161, -19.04159157, -25.86392512,
       -47.58364328, -12.94838516,  -7.14525515, -14.13090875,
       -22.32256761,  12.4649848 ,   2.70671722, -15.65826476,
       -14.36817206,  17.99408551,  14.27706969, -26.49799826,
       -21.62309329,  15.50646934,  19.26187312, -23.08507929,
       -20.49738539,   8.58439534,  19.93438242,  15.67855782,
        13.68477836,  17.85653454,  18.96310582,  -2.29174898,
         7.36455546,  15.63737802,  19.50370325, -30.13818334,
       -28.18056397,   8.63211984,   4.95153547,  -9.45228491,
        14.36930464,  17.22371211,  18.85308369,  18.1431013 ,
        15.41190621,  18.33041658,  14.19666657,  16.07632078,
        18.49345795,  17.6812683 , -57.67537265, -55.85068178,
       -10.51138781, -18.36716072, -55.00148221, -19.5270765 ,
       -18.95592008, -16.1944764 , -17.96897416,  14.24725352,
         9.42947599, -25.28035799, -23.32999362,  18.82030667,
        10.30903887, -52.38812312, -15.04369606, -24.95999437,
       -48.50948608, -18.82553938, -15.45499205, -14.98805153,
       -22.1342399 ,  13.79978996,   0.44461778,  -8.27852045,
       -13.68974608,  17.72276048,  16.29036328, -15.49800056,
       -23.10478559,  17.08975916,  19.26811194, -20.90432692,
         9.78911911,  18.45048738,  11.56168087,   8.39155405,
        18.35681008,  18.8168758 ,  -0.66554998,  -0.77541359,
        18.2216252 ,  18.7149889 , -28.02755464,   4.1877291 ,
         6.16854745, -14.66893623,   6.99395177,  18.08982167,
        16.24130934,  18.99718244,  18.73718581,  15.71757472,
        10.04125655,  13.6925593 ,  15.16332108,  17.66777626,
       -28.74996133,  -2.81303067,  15.95138009, -20.20882017,
         3.98361756,  16.79633113,  17.67770603,  17.15852305,
        17.75471701,  19.16107091,  18.21992663,  19.56459531,
        15.01674601,  18.12889731, -24.9401196 ,   3.89113687,
         9.97839544, -11.74984004,   7.42936353,  19.67349353,
        12.9266153 ,   9.21277864,  19.19182729,  19.04502057,
        19.27267346,  19.27841041,  17.44553608,  12.00084698,
        18.86721153,  19.13331347,   9.97059852,  18.07056378,
        17.70646456,  17.97993188,  17.61375223,  16.01426036,
        15.69116434,  19.07941938,  18.79335278,  17.34042391,
        19.52415051,  -5.54433201,  12.43733151,  18.86240658,
        10.3597585 ,  18.63354324,  18.50570379,  15.19243611,
        18.00219745,  18.22913916,  19.50624451,  18.77772205,
        -6.91513307,  17.52492709, -28.16651117,   8.95497677,
         1.9250204 , -19.42274944,  10.72947132,   7.58657398,
        12.42757239,  12.60992245,  19.12005658,  19.28674778,
         3.12524491,  17.61742017,  20.07727638, -12.47693096,
        15.77322977,   6.13570893, -12.76664077,   8.804113  ,
        11.74507147,  14.27358199,  19.01179402,  19.05420989,
        15.84906748,  19.05125948,  18.77755616,  19.24119769,
        14.81030416,  14.8189913 ,  18.86397616,  18.30571492,
        16.86291833,  15.09903322,  15.02267883, -19.43102688,
         8.24512276,  18.52887852, -19.81339814,  19.40716567,
         6.53615824,  18.29138821,  19.85207806,  12.40023864,
        19.24779878,  18.49111947,  18.3431119 , -14.82821309,
        19.45562302,  19.05084403, -13.27833545,  16.89889909,
       -59.16022111, -22.66008675,  -5.80766307, -61.42315992,
       -28.07786472,  -3.75805482,  -2.34808901,  19.33750815,
        17.93988926, -27.72276028,  19.07431027,  19.17142979,
       -52.66552463, -20.91653438, -14.60850947, -32.60667381,
        -6.0204189 , -10.81199074,  11.87919592,  10.4585763 ,
       -33.06160031,  19.50844088,  18.3649201 , -19.56900772,
        16.95829569,  20.01294923, -27.42250573,   6.08386236,
        19.79290565,  14.78495535,  18.03727991,  18.46007176,
        -2.20624307,  16.4919739 ,  18.46798747, -28.2419365 ,
         4.31745513,   9.32903876,   0.59016139,  16.77311275,
        18.53905871,  15.30731942,  17.02861087,  -0.92255717,
        16.07813815,  18.54368186, -48.65176398,  -1.597556  ,
        -9.23016899, -18.0039318 , -20.96596335,  -6.56360341,
        16.6846121 ,  12.86128214, -24.72743987,  19.75333878,
        10.85894666, -13.7871829 , -20.04224538, -31.61049831,
       -25.7727749 , -14.16415914,  13.49509874,   2.95048935,
       -21.49090682,  19.3776226 ,  13.00243941, -14.03076947,
        16.52894342,  18.5294631 ,   3.14212024,  19.13571648,
        12.8143432 ,  18.97126333,  17.95339952,  -8.97808581,
        18.30693373,  19.28489108,  10.48376575,  14.00375496,
         1.94948272,  15.54330748,  15.16385425,  19.18591814,
        15.37773952,  10.07813041,  15.52654917,  18.27442975,
         4.19845544,  19.94689408,  -7.16289655,  15.0422058 ,
        18.0569723 ,  18.48037292,  18.36233847,  16.18824765,
        15.95845649,  18.45577063,   3.69536295,  10.70921832,
       -12.12999753,  16.4872155 ,  11.68867471,  19.40726813,
        19.68386528,  15.51729935,  18.96734607,  18.6734089 ,
        18.5043735 ,  13.15087569,  18.05222518,  18.62170593,
        14.48619897,  14.38449112,  19.8437792 ,  18.73301625,
        18.13463111,  12.6126972 ,  18.90825486,   6.80635143,
        19.42636598,  15.9690928 ,  16.73053554,  16.04091599,
        18.84921108,  14.79234419,  10.50480637,   9.21431944,
        14.61763633,   6.69512981,  12.59302773,  18.98949619,
        19.7981201 ,  18.4681911 ,  17.70577732,  17.40144518,
        11.56498237,   5.96356774,   2.81587919,  19.79536972,
        18.59485163,  15.84280156,  19.35214682,  16.94669541,
        10.84341598,  17.55171231,  16.3881747 ,  18.13516535,
        44.64806948, -14.72414848,  37.49746566, -15.91226057,
        18.96933805,  19.57259848,  18.52601331,  19.15682199,
        16.87126903,  19.28807294, -21.29678766,  14.79060351,
        13.52749324,  18.86341846,  18.38914406,  18.96329144,
        18.83510975,  18.85533595,  14.99451996,  18.0423472 ,
        14.59682607,  15.17696629,  17.10566732,  19.38249641,
        19.716942  ,  18.78683124,  17.78923462,  17.37264599,
        17.08427254,  18.05799368,  17.12737433,  16.08481979,
        16.48427224,   8.1534692 ,  18.95821667,  18.54235251,
        18.19282473,  18.01326006,  -0.73861392,  19.3978973 ,
       -11.61908072,  19.01113034,  14.81620991,  17.42085891,
        13.46563986,  19.72545594,  20.16229402,  16.12987816,
        19.43150942,  17.2544958 ,  14.89514958,  19.84615311,
        19.67878248,  18.41270373,  18.17891753,  18.76884953,
        18.14032516,  18.58640485,  17.28065416,  14.9781959 ,
        18.91719106,  14.71495327,  18.84722554,  18.50654428,
       -20.2966589 ,  -9.05710576, -13.60483218,  18.47963831,
        19.31797781,  19.43775867,  17.67725621,  17.34083581,
        18.01240394,  14.59396789,  19.16657016,  17.87284642,
        17.90204322,  17.72796367, -12.68755293,  17.45227973,
        15.22417525,   9.01719165,  -9.43432739,  41.13995737,
       -15.43443894,  16.99801252,  15.3384548 , -17.99288776,
       -21.82714438, -20.83236272,  18.71454328,  19.93954906,
        18.13957266,  18.94244999,  14.79237055,  18.29340038,
        19.96238545,  17.96853526,  -8.54168562,   4.95735923,
        16.02170555,  40.73716615, -15.76833002, -19.92849121,
        14.97389027,  15.83122805,  42.63747193,  46.24305632,
        13.48119437,  11.23663913,  19.3270734 ,  17.09909632,
        16.81396654,  18.10750687,  15.05884469,  18.89348222,
        18.61536216,  15.49073895,  18.48115978,  18.43105005,
         8.36765433,  13.59993428,  19.92621884,  18.64052107,
        15.28106774,  19.32087033,  15.24786598,  18.89347808,
        15.18967477,  15.85024305,   2.55681936,  18.00641828,
       -14.03388012,  16.85046099,  17.09308273,  56.86529871,
        40.64348144,  61.37826844,  17.55844577,  54.94343272]), 'funcalls': 12})
