alpha0: [ 122441.  110242.   50786.   46973.  115423.   53315.   47341.   47879.
   48850.   20344.   25927.   56871.    9122.   21540.  105611.   47208.
   51986.   57155.   45239.   49446.   24677.   31633.    5729.   19806.
   17473.   12806.   24623.    6848.    6726.    4390.   27533.    3047.]
(array([ 122441.        ,  110242.        ,   50786.        ,
         46973.        ,  115423.        ,   53315.        ,
         47341.        ,   47879.        ,   48850.        ,
         20344.        ,   25927.        ,   56871.        ,
          9122.00000089,   21540.        ,  105611.        ,
         47208.        ,   51986.        ,   57155.        ,
         45239.        ,   49446.        ,   24677.        ,
         31633.        ,    5729.        ,   19806.        ,
         17473.        ,   12806.        ,   24623.        ,
          6848.        ,    6726.        ,    4390.        ,
         27533.        ,    3047.        ]), 4187089.9426768441, {'warnflag': 0, 'task': 'CONVERGENCE: NORM_OF_PROJECTED_GRADIENT_<=_PGTOL', 'grad': array([ 0.,  0.,  0.,  0.,  0.,  0.,  0.,  0.,  0.,  0.,  0.,  0.,  0.,
        0.,  0.,  0.,  0.,  0.,  0.,  0.,  0.,  0.,  0.,  0.,  0.,  0.,
        0.,  0.,  0.,  0.,  0.,  0.]), 'funcalls': 15})
