alpha0: [ 122441.  110242.   50786.   46973.  115423.   53315.   47341.   47879.
   48850.   20344.   25927.   56871.    9122.   21540.  105611.   47208.
   51986.   57155.   45239.   49446.   24677.   31633.    5729.   19806.
   17473.   12806.   24623.    6848.    6726.    4390.   27533.    3047.]
(array([ 122441.00000015,  110242.00000015,   50786.00000015,
         46973.00000015,  115423.00000015,   53315.00000015,
         47341.00000015,   47879.00000015,   48850.00000015,
         20344.00000015,   25927.00000015,   56871.00000015,
          9122.00000015,   21540.00000015,  105611.00000015,
         47208.00000015,   51986.00000015,   57155.00000015,
         45239.00000015,   49446.00000015,   24677.00000015,
         31633.00000015,    5729.00000015,   19806.00000015,
         17473.00000015,   12806.00000015,   24623.00000015,
          6848.00000015,    6726.00000015,    4390.00000015,
         27533.00000015,    3047.00000015]), 4187089.942674391, {'warnflag': 0, 'task': 'CONVERGENCE: REL_REDUCTION_OF_F_<=_FACTR*EPSMCH', 'grad': array([ 426.17321014,  444.05460358,  429.15344238,  432.13367462,
        423.19297791,  472.36680984,  430.6435585 ,  432.13367462,
        427.66332626,  430.27102947,  425.80068111,  418.72262955,
        428.40838432,  428.78091335,  432.13367462,  430.6435585 ,
        429.15344238,  424.68309402,  428.40838432,  423.93803596,
        427.66332626,  430.6435585 ,  428.40838432,  426.54573917,
        426.9182682 ,  428.03585529,  425.80068111,  428.03585529,
        428.40838432,  428.40838432,  426.54573917,  428.78091335]), 'funcalls': 14})
