alpha0: [ 122441.  110242.   50786.   46973.  115423.   53315.   47341.   47879.
   48850.   20344.   25927.   56871.    9122.   21540.  105611.   47208.
   51986.   57155.   45239.   49446.   24677.   31633.    5729.   19806.
   17473.   12806.   24623.    6848.    6726.    4390.   27533.    3047.]
(array([ 122441.0000373 ,  110242.0000373 ,   50786.00003725,
         46973.00003734,  115423.00003711,   53315.00003711,
         47341.00003706,   47879.0000373 ,   48850.00003749,
         20344.00003663,   25927.00003725,   56871.00003701,
          9122.00003682,   21540.00003689,  105611.00003749,
         47208.00003749,   51986.0000372 ,   57155.00003768,
         45239.00003677,   49446.00003687,   24677.00003684,
         31633.00003701,    5729.0000368 ,   19806.00003692,
         17473.00003704,   12806.00003696,   24623.0000368 ,
          6848.00003554,    6726.0000363 ,    4390.00003608,
         27533.00003701,    3047.00003569]), 4187089.9426773004, {'warnflag': 0, 'task': 'CONVERGENCE: REL_REDUCTION_OF_F_<=_FACTR*EPSMCH', 'grad': array([ 0.00944734,  0.00947714,  0.00945479,  0.00942498,  0.00953674,
        0.00949204,  0.0089854 ,  0.00891089,  0.00946224,  0.00905246,
        0.00899658,  0.0089854 ,  0.00948086,  0.00950694,  0.00929832,
        0.00946969,  0.00938773,  0.0089407 ,  0.00946224,  0.00946969,
        0.00946969,  0.00943989,  0.00949576,  0.00948459,  0.0089854 ,
        0.00946596,  0.00947714,  0.00969879,  0.00909157,  0.00960939,
        0.00945106,  0.00919029]), 'funcalls': 8})
