alpha0: [ 122441.  110242.   50786.   46973.  115423.   53315.   47341.   47879.
   48850.   20344.   25927.   56871.    9122.   21540.  105611.   47208.
   51986.   57155.   45239.   49446.   24677.   31633.    5729.   19806.
   17473.   12806.   24623.    6848.    6726.    4390.   27533.    3047.]
(array([ 122440.99999967,  110241.99999954,   50785.99999941,
         46972.99999965,  115422.99999935,   53314.9999997 ,
         47340.99999949,   47878.99999939,   48849.99999939,
         20343.99999791,   25926.99999892,   56870.99999933,
          9121.99999783,   21539.99999834,  105610.99999959,
         47207.9999997 ,   51985.99999962,   57154.99999974,
         45238.99999947,   49445.99999966,   24676.99999866,
         31632.99999905,    5728.99999708,   19805.99999834,
         17472.99999855,   12805.9999984 ,   24622.99999884,
          6847.99999365,    6725.99999586,    4389.9999945 ,
         27532.99999898,    3046.99999244]), 4187089.9426781163, {'warnflag': 0, 'task': 'CONVERGENCE: REL_REDUCTION_OF_F_<=_FACTR*EPSMCH', 'grad': array([  1.75833702e-05,   2.39312649e-05,   3.13222408e-05,
         1.82539225e-05,   3.42428684e-05,   1.56611204e-05,
         2.67177820e-05,   3.24100256e-05,   3.20076942e-05,
         1.11915171e-04,   5.73396683e-05,   3.55690718e-05,
         1.16147101e-04,   8.86954367e-05,   2.12788582e-05,
         1.57132745e-05,   1.99973583e-05,   1.36345625e-05,
         2.79694796e-05,   1.78292394e-05,   7.13579357e-05,
         5.02541661e-05,   1.56093389e-04,   8.86023045e-05,
         7.74972141e-05,   8.56071711e-05,   6.15529716e-05,
         3.40517610e-04,   2.21859664e-04,   2.94446945e-04,
         5.44264913e-05,   4.05259430e-04]), 'funcalls': 7})
